star,gridstep,mean_distance
2,0.4,8.72535
2,0.39,9.74503
2,0.38,9.76526
2,0.37,9.87854
2,0.36,9.90946
2,0.35,9.96984
2,0.34,10.0151
2,0.33,10.0471
2,0.32,10.0865
2,0.31,10.1217
2,0.3,11.325
2,0.29,11.3516
2,0.28,11.4128
2,0.27,11.4439
2,0.26,11.4928
2,0.25,12.7274
2,0.24,12.7715
2,0.23,12.8346
2,0.22,12.8804
2,0.21,12.9178
2,0.2,14.2091
2,0.19,14.2439
2,0.18,14.284
2,0.17,15.5584
2,0.16,15.5939
2,0.15,15.6277
2,0.14,16.9312
2,0.13,16.9364
2,0.12,18.2192
2,0.11,19.4579
2,0.1,19.445
2,0.09,20.4944
2,0.08,21.2598
